30
869 1102 926 1061 667 911 928 810 978 994 1045 949 808 998 978 959 1065 842 911 985 811 925 832 899 830 863 925 895 994 861 
781 1037 920 1005 601 754 880 752 848 948 750 701 789 817 1081 859 1067 849 879 880 799 815 814 805 713 963 888 810 954 775 
824 1033 958 988 697 836 891 830 895 945 856 789 829 916 1030 874 1056 852 913 921 853 871 850 925 775 931 1001 788 965 838 
791 888 878 918 708 700 909 751 851 856 819 839 749 896 958 935 976 859 800 783 816 827 773 917 694 917 824 850 931 848 
624 762 689 693 476 620 635 587 628 618 644 648 595 614 758 663 732 545 546 686 609 623 599 607 579 650 537 625 727 580 
826 1039 933 966 798 925 1008 800 968 952 917 952 883 888 1065 864 965 909 951 943 817 944 855 940 856 857 859 814 1004 786 
721 857 780 835 636 663 807 687 710 784 740 761 739 762 821 736 797 724 737 725 700 757 726 765 695 762 735 720 747 713 
879 1100 991 982 777 908 987 881 919 917 984 986 823 960 1048 944 994 899 954 896 902 1008 975 985 965 949 886 874 1083 903 
919 1134 1035 1019 702 842 936 725 933 924 910 883 862 825 1130 982 1131 892 875 991 859 861 793 827 793 1035 911 958 1062 854 
800 999 865 877 663 731 817 702 774 876 773 757 821 778 899 754 834 731 850 765 718 795 769 838 742 777 778 713 764 694 
998 1255 1162 1098 843 1011 1002 939 1083 1016 1049 1055 968 1056 1233 1079 1161 1025 1060 974 944 1073 1027 1102 969 1150 1023 1017 1170 998 
891 1057 938 1015 753 901 886 800 938 911 961 997 840 843 1072 940 945 901 846 878 877 1043 869 943 832 931 868 929 1021 937 
765 1024 947 963 785 854 953 782 773 808 818 853 876 851 1032 864 906 924 911 809 775 857 907 857 834 915 822 770 913 811 
840 1016 879 1011 625 853 837 773 818 917 922 751 814 807 967 907 943 835 874 874 826 903 776 885 706 908 800 840 937 770 
860 1151 961 1072 766 867 924 822 1051 1105 963 863 868 941 1118 943 1095 971 935 954 881 960 888 942 786 954 905 766 1068 894 
975 1197 1006 1031 876 969 966 870 1037 999 1075 1044 875 999 1171 977 1048 977 943 951 832 970 957 1027 912 1012 877 913 1067 931 
827 1141 916 933 795 849 792 792 884 869 950 805 784 891 1049 910 982 784 850 858 777 849 855 875 746 1015 751 795 896 764 
982 1132 1052 1050 806 913 1036 871 995 1071 1040 957 977 998 1090 1030 1095 925 1042 1074 961 943 964 942 872 940 1000 933 994 790 
754 989 981 998 629 793 893 809 816 853 827 904 793 919 944 826 957 858 885 817 760 842 921 848 808 804 897 793 868 811 
861 1019 864 982 687 757 838 782 888 982 863 748 750 890 1049 833 973 804 794 833 753 888 833 910 757 901 846 776 960 818 
797 958 875 971 589 785 847 695 891 915 834 813 773 865 1014 849 940 827 814 896 783 834 719 875 695 809 883 804 910 795 
788 990 818 991 595 764 767 766 773 924 857 756 799 800 887 814 886 780 782 808 713 924 747 826 689 837 808 737 849 795 
856 1110 992 1131 746 1026 960 888 979 983 942 857 907 927 1108 919 1019 950 917 1016 878 955 946 938 818 1036 1002 899 1040 805 
571 817 645 838 466 643 686 651 680 819 700 734 610 728 794 673 757 656 735 718 598 820 680 704 679 616 702 590 730 767 
964 1111 1031 1106 795 1024 1011 831 989 989 1010 1025 938 911 1168 997 1092 1011 955 1015 882 956 896 936 892 991 945 1002 1087 954 
971 1208 1051 1176 835 967 1008 918 983 1071 1044 918 927 996 1260 1028 1062 981 999 1004 899 991 1038 948 899 1065 977 1006 1106 842 
899 1013 927 1002 654 838 871 796 833 909 925 887 823 889 996 871 980 920 829 883 754 937 873 895 801 932 1050 864 1034 848 
846 1055 1013 1003 738 863 946 823 911 892 840 894 828 866 1100 937 1102 945 905 882 850 842 938 865 816 1014 921 886 1046 844 
644 815 762 783 594 690 773 650 666 716 725 698 723 750 771 782 839 814 739 743 695 704 689 770 653 767 732 657 773 640 
821 990 866 992 721 862 900 869 874 937 914 846 803 942 960 876 920 876 923 805 747 899 872 1017 788 916 897 840 931 807 